Call: 
traitMPT(eqnfile = "2htmratings2.eqn", data = do, restrictions = list("q1_A=q6_A", 
    "q2_A=q5_A", "q1_B=q6_B", "q2_B=q5_B"), n.iter = 75000, n.adapt = 15000, 
    n.burnin = 10000, n.thin = 10, n.chains = 4, modelfilename = "old2.jags", 
    parEstFile = "oldratings2.txt", posteriorFile = "oldratingsmod2.RData")

Group-level medians of MPT parameters (probability scale):
           Mean    SD  2.5%   50% 97.5% Time-series SE n.eff  Rhat R_95%
mean_b_A  0.429 0.030 0.367 0.429 0.487          0.000  6302 1.000 1.002
mean_b_B  0.428 0.070 0.287 0.429 0.566          0.002  1213 1.003 1.008
mean_pn_A 0.610 0.046 0.514 0.612 0.693          0.001  6692 1.001 1.004
mean_pn_B 0.780 0.052 0.662 0.786 0.865          0.001  1873 1.003 1.007
mean_po_A 0.062 0.038 0.004 0.058 0.143          0.001  5419 1.001 1.002
mean_po_B 0.565 0.146 0.252 0.576 0.817          0.007   493 1.009 1.028
mean_q1_A 0.199 0.021 0.159 0.199 0.242          0.000  4472 1.001 1.004
mean_q1_B 0.151 0.045 0.069 0.149 0.246          0.001  1019 1.001 1.004
mean_q2_A 0.371 0.025 0.321 0.370 0.420          0.000  7645 1.000 1.001
mean_q2_B 0.334 0.055 0.220 0.336 0.435          0.002  1055 1.010 1.030
mean_r1   0.433 0.037 0.363 0.432 0.509          0.001   760 1.001 1.003
mean_r2   0.681 0.044 0.605 0.678 0.776          0.001  2708 1.002 1.006
mean_r5   0.719 0.073 0.588 0.714 0.879          0.002  1047 1.001 1.001
mean_r6   0.544 0.090 0.374 0.542 0.728          0.004   486 1.000 1.001

Mean/Median of latent-trait values (probit-scale) across individuals:
                 Mean    SD   2.5%    50%  97.5% Time-series SE n.eff  Rhat R_95%
latent_mu_b_A  -0.180 0.078 -0.340 -0.178 -0.033          0.001  6366 1.000 1.002
latent_mu_b_B  -0.185 0.183 -0.562 -0.179  0.167          0.005  1222 1.003 1.008
latent_mu_pn_A  0.281 0.120  0.035  0.284  0.506          0.001  6729 1.001 1.004
latent_mu_pn_B  0.784 0.173  0.418  0.792  1.102          0.004  1859 1.002 1.007
latent_mu_po_A -1.645 0.407 -2.672 -1.568 -1.066          0.005  6042 1.000 1.001
latent_mu_po_B  0.173 0.398 -0.667  0.192  0.906          0.018   497 1.010 1.028
latent_mu_q1_A -0.847 0.076 -0.997 -0.846 -0.699          0.001  4571 1.001 1.004
latent_mu_q1_B -1.054 0.201 -1.480 -1.041 -0.688          0.006  1098 1.002 1.004
latent_mu_q2_A -0.331 0.067 -0.464 -0.331 -0.202          0.001  7641 1.000 1.001
latent_mu_q2_B -0.434 0.155 -0.771 -0.422 -0.163          0.005  1061 1.010 1.030
latent_mu_r1   -0.169 0.094 -0.349 -0.171  0.022          0.003   759 1.001 1.003
latent_mu_r2    0.475 0.127  0.266  0.462  0.760          0.002  2785 1.002 1.006
latent_mu_r5    0.597 0.242  0.223  0.566  1.172          0.008  1002 1.000 1.000
latent_mu_r6    0.114 0.234 -0.322  0.105  0.608          0.011   486 1.000 1.001

Standard deviation of latent-trait values (probit scale) across individuals:
                   Mean    SD  2.5%   50% 97.5% Time-series SE n.eff  Rhat R_95%
latent_sigma_b_A  0.073 0.057 0.003 0.061 0.212          0.001  3394 1.004 1.010
latent_sigma_b_B  0.180 0.152 0.007 0.143 0.579          0.005  1054 1.036 1.082
latent_sigma_pn_A 0.123 0.096 0.005 0.102 0.358          0.002  3919 1.005 1.014
latent_sigma_pn_B 0.231 0.170 0.010 0.200 0.629          0.004  1724 1.002 1.006
latent_sigma_po_A 0.391 0.331 0.014 0.312 1.244          0.006  2851 1.005 1.013
latent_sigma_po_B 1.736 0.517 0.985 1.649 2.971          0.011  2272 1.001 1.002
latent_sigma_q1_A 0.126 0.082 0.006 0.117 0.309          0.002  1486 1.004 1.012
latent_sigma_q1_B 0.629 0.249 0.240 0.596 1.210          0.006  1962 1.001 1.003
latent_sigma_q2_A 0.075 0.058 0.003 0.063 0.217          0.001  3986 1.001 1.002
latent_sigma_q2_B 0.339 0.181 0.034 0.325 0.739          0.005  1570 1.006 1.016
latent_sigma_r1   0.330 0.088 0.174 0.324 0.522          0.001  3931 1.002 1.007
latent_sigma_r2   0.172 0.111 0.009 0.159 0.419          0.003  1692 1.005 1.016
latent_sigma_r5   0.244 0.234 0.008 0.188 0.792          0.004  3096 1.011 1.013
latent_sigma_r6   0.779 0.212 0.454 0.750 1.274          0.004  2324 1.005 1.015

Correlations of latent-trait values on probit scale:
                 Mean    SD   2.5%    50% 97.5% Time-series SE n.eff  Rhat R_95%
rho[b_A,b_B]    0.017 0.376 -0.706  0.025 0.698          0.014   686 1.015 1.042
rho[b_A,pn_A]   0.029 0.378 -0.680  0.032 0.719          0.014   698 1.005 1.010
rho[b_A,pn_B]   0.007 0.356 -0.676  0.015 0.653          0.013   794 1.002 1.004
rho[b_A,po_A]  -0.053 0.379 -0.731 -0.060 0.677          0.015   639 1.003 1.008
rho[b_A,po_B]   0.035 0.349 -0.629  0.036 0.676          0.015   545 1.016 1.049
rho[b_A,q1_A]   0.044 0.393 -0.714  0.065 0.724          0.016   584 1.030 1.084
rho[b_A,q1_B]   0.086 0.420 -0.741  0.121 0.780          0.022   379 1.038 1.106
rho[b_A,q2_A]  -0.009 0.376 -0.723 -0.001 0.678          0.014   728 1.005 1.014
rho[b_A,q2_B]   0.023 0.407 -0.755  0.039 0.739          0.018   508 1.029 1.082
rho[b_A,r1]     0.072 0.426 -0.764  0.108 0.787          0.023   354 1.039 1.109
rho[b_A,r2]     0.041 0.399 -0.739  0.055 0.739          0.017   584 1.021 1.056
rho[b_A,r5]     0.017 0.381 -0.695  0.021 0.724          0.015   653 1.003 1.003
rho[b_A,r6]     0.106 0.414 -0.713  0.143 0.788          0.021   385 1.027 1.071
rho[b_B,pn_A]   0.037 0.376 -0.675  0.045 0.719          0.015   617 1.005 1.016
rho[b_B,pn_B]   0.065 0.365 -0.641  0.076 0.721          0.014   657 1.005 1.014
rho[b_B,po_A]   0.007 0.368 -0.670  0.000 0.705          0.014   710 1.002 1.004
rho[b_B,po_B]   0.032 0.339 -0.608  0.034 0.657          0.013   639 1.016 1.049
rho[b_B,q1_A]   0.032 0.394 -0.700  0.037 0.753          0.017   543 1.011 1.031
rho[b_B,q1_B]   0.059 0.420 -0.726  0.078 0.778          0.021   391 1.045 1.131
rho[b_B,q2_A]   0.042 0.380 -0.670  0.044 0.739          0.015   654 1.007 1.019
rho[b_B,q2_B]   0.056 0.401 -0.691  0.065 0.771          0.020   416 1.035 1.102
rho[b_B,r1]     0.057 0.419 -0.735  0.073 0.781          0.021   392 1.032 1.085
rho[b_B,r2]     0.026 0.399 -0.731  0.036 0.746          0.018   466 1.030 1.085
rho[b_B,r5]     0.037 0.382 -0.696  0.040 0.727          0.015   638 1.014 1.035
rho[b_B,r6]     0.133 0.410 -0.686  0.171 0.804          0.023   324 1.026 1.071
rho[pn_A,pn_B]  0.047 0.362 -0.632  0.052 0.703          0.013   812 1.007 1.020
rho[pn_A,po_A]  0.005 0.373 -0.685  0.001 0.711          0.015   645 1.005 1.013
rho[pn_A,po_B] -0.060 0.336 -0.656 -0.075 0.604          0.013   625 1.006 1.018
rho[pn_A,q1_A]  0.066 0.391 -0.674  0.073 0.765          0.017   548 1.026 1.074
rho[pn_A,q1_B]  0.101 0.407 -0.696  0.133 0.772          0.021   386 1.019 1.051
rho[pn_A,q2_A] -0.010 0.383 -0.718 -0.010 0.700          0.015   659 1.012 1.030
rho[pn_A,q2_B]  0.100 0.397 -0.665  0.116 0.792          0.020   399 1.021 1.061
rho[pn_A,r1]    0.089 0.413 -0.703  0.112 0.786          0.021   372 1.019 1.052
rho[pn_A,r2]    0.042 0.391 -0.710  0.050 0.744          0.017   557 1.007 1.013
rho[pn_A,r5]    0.017 0.378 -0.685  0.018 0.708          0.014   695 1.002 1.005
rho[pn_A,r6]    0.085 0.409 -0.724  0.113 0.777          0.021   371 1.019 1.056
rho[pn_B,po_A]  0.016 0.370 -0.675  0.016 0.713          0.014   651 1.006 1.011
rho[pn_B,po_B] -0.115 0.319 -0.670 -0.131 0.534          0.012   711 1.002 1.006
rho[pn_B,q1_A]  0.084 0.380 -0.663  0.099 0.746          0.017   516 1.018 1.055
rho[pn_B,q1_B]  0.114 0.395 -0.674  0.135 0.792          0.021   359 1.014 1.042
rho[pn_B,q2_A]  0.076 0.365 -0.650  0.093 0.714          0.014   669 1.005 1.012
rho[pn_B,q2_B]  0.049 0.385 -0.680  0.059 0.744          0.017   484 1.010 1.029
rho[pn_B,r1]    0.148 0.397 -0.660  0.181 0.815          0.021   366 1.023 1.068
rho[pn_B,r2]    0.034 0.383 -0.687  0.036 0.741          0.017   480 1.004 1.012
rho[pn_B,r5]    0.063 0.374 -0.653  0.069 0.752          0.015   637 1.006 1.020
rho[pn_B,r6]    0.075 0.396 -0.688  0.093 0.764          0.021   351 1.030 1.087
rho[po_A,po_B] -0.125 0.337 -0.704 -0.144 0.580          0.014   596 1.013 1.038
rho[po_A,q1_A]  0.077 0.405 -0.720  0.104 0.764          0.020   391 1.002 1.007
rho[po_A,q1_B]  0.160 0.419 -0.710  0.221 0.807          0.024   318 1.012 1.031
rho[po_A,q2_A] -0.004 0.389 -0.735 -0.004 0.713          0.017   498 1.014 1.039
rho[po_A,q2_B]  0.160 0.401 -0.653  0.203 0.815          0.021   380 1.022 1.066
rho[po_A,r1]    0.173 0.415 -0.676  0.219 0.846          0.022   351 1.014 1.040
rho[po_A,r2]    0.100 0.399 -0.685  0.127 0.775          0.018   503 1.015 1.043
rho[po_A,r5]    0.027 0.393 -0.707  0.030 0.738          0.016   574 1.022 1.064
rho[po_A,r6]    0.130 0.404 -0.694  0.165 0.800          0.022   348 1.016 1.046
rho[po_B,q1_A] -0.163 0.309 -0.694 -0.181 0.477          0.011   738 1.015 1.045
rho[po_B,q1_B] -0.151 0.261 -0.633 -0.160 0.371          0.007  1270 1.001 1.002
rho[po_B,q2_A] -0.091 0.336 -0.690 -0.102 0.574          0.014   586 1.008 1.018
rho[po_B,q2_B] -0.327 0.283 -0.774 -0.360 0.304          0.011   691 1.009 1.024
rho[po_B,r1]   -0.178 0.247 -0.624 -0.188 0.333          0.006  1690 1.005 1.016
rho[po_B,r2]   -0.072 0.313 -0.634 -0.083 0.549          0.011   819 1.013 1.040
rho[po_B,r5]    0.012 0.351 -0.623  0.002 0.680          0.014   585 1.002 1.007
rho[po_B,r6]   -0.001 0.277 -0.526 -0.003 0.532          0.009  1045 1.002 1.005
rho[q1_A,q1_B]  0.363 0.364 -0.522  0.428 0.885          0.018   413 1.011 1.030
rho[q1_A,q2_A]  0.065 0.401 -0.687  0.073 0.778          0.020   394 1.005 1.015
rho[q1_A,q2_B]  0.259 0.373 -0.565  0.310 0.830          0.017   470 1.007 1.016
rho[q1_A,r1]    0.363 0.368 -0.552  0.431 0.880          0.021   315 1.013 1.039
rho[q1_A,r2]    0.242 0.381 -0.580  0.287 0.838          0.018   458 1.017 1.050
rho[q1_A,r5]    0.088 0.404 -0.689  0.106 0.783          0.020   425 1.005 1.015
rho[q1_A,r6]    0.337 0.363 -0.527  0.402 0.857          0.019   356 1.021 1.060
rho[q1_B,q2_A]  0.086 0.415 -0.722  0.113 0.794          0.023   338 1.003 1.008
rho[q1_B,q2_B]  0.369 0.328 -0.400  0.422 0.849          0.015   509 1.023 1.052
rho[q1_B,r1]    0.578 0.220  0.058  0.614 0.902          0.008   792 1.004 1.009
rho[q1_B,r2]    0.385 0.343 -0.470  0.455 0.852          0.017   385 1.022 1.062
rho[q1_B,r5]    0.122 0.425 -0.706  0.154 0.819          0.026   276 1.009 1.025
rho[q1_B,r6]    0.544 0.236 -0.004  0.581 0.899          0.009   623 1.007 1.020
rho[q2_A,q2_B]  0.083 0.402 -0.705  0.105 0.778          0.022   348 1.008 1.022
rho[q2_A,r1]    0.118 0.429 -0.752  0.162 0.799          0.025   290 1.002 1.005
rho[q2_A,r2]    0.042 0.408 -0.733  0.060 0.745          0.021   394 1.002 1.003
rho[q2_A,r5]    0.017 0.375 -0.672  0.015 0.703          0.015   637 1.011 1.035
rho[q2_A,r6]    0.072 0.419 -0.712  0.095 0.775          0.023   338 1.001 1.003
rho[q2_B,r1]    0.424 0.316 -0.316  0.475 0.887          0.014   481 1.011 1.021
rho[q2_B,r2]    0.254 0.385 -0.584  0.309 0.838          0.020   359 1.008 1.023
rho[q2_B,r5]    0.043 0.421 -0.755  0.052 0.790          0.024   301 1.009 1.023
rho[q2_B,r6]    0.344 0.340 -0.428  0.395 0.847          0.018   352 1.008 1.022
rho[r1,r2]      0.421 0.346 -0.456  0.498 0.880          0.019   340 1.025 1.068
rho[r1,r5]      0.140 0.434 -0.723  0.169 0.840          0.028   244 1.013 1.037
rho[r1,r6]      0.592 0.210  0.095  0.627 0.900          0.008   712 1.000 1.001
rho[r2,r5]      0.091 0.406 -0.705  0.112 0.786          0.020   429 1.010 1.027
rho[r2,r6]      0.403 0.340 -0.443  0.475 0.861          0.018   361 1.015 1.040
rho[r5,r6]      0.160 0.418 -0.681  0.199 0.821          0.025   273 1.020 1.058

Correlations (posterior mean estimates) in matrix form:
        b_A   b_B   pn_A   pn_B   po_A   po_B   q1_A   q1_B   q2_A   q2_B     r1
b_A   1.000 0.017  0.029  0.007 -0.053  0.035  0.044  0.086 -0.009  0.023  0.072
b_B   0.017 1.000  0.037  0.065  0.007  0.032  0.032  0.059  0.042  0.056  0.057
pn_A  0.029 0.037  1.000  0.047  0.005 -0.060  0.066  0.101 -0.010  0.100  0.089
pn_B  0.007 0.065  0.047  1.000  0.016 -0.115  0.084  0.114  0.076  0.049  0.148
po_A -0.053 0.007  0.005  0.016  1.000 -0.125  0.077  0.160 -0.004  0.160  0.173
po_B  0.035 0.032 -0.060 -0.115 -0.125  1.000 -0.163 -0.151 -0.091 -0.327 -0.178
q1_A  0.044 0.032  0.066  0.084  0.077 -0.163  1.000  0.363  0.065  0.259  0.363
q1_B  0.086 0.059  0.101  0.114  0.160 -0.151  0.363  1.000  0.086  0.369  0.578
q2_A -0.009 0.042 -0.010  0.076 -0.004 -0.091  0.065  0.086  1.000  0.083  0.118
q2_B  0.023 0.056  0.100  0.049  0.160 -0.327  0.259  0.369  0.083  1.000  0.424
r1    0.072 0.057  0.089  0.148  0.173 -0.178  0.363  0.578  0.118  0.424  1.000
r2    0.041 0.026  0.042  0.034  0.100 -0.072  0.242  0.385  0.042  0.254  0.421
r5    0.017 0.037  0.017  0.063  0.027  0.012  0.088  0.122  0.017  0.043  0.140
r6    0.106 0.133  0.085  0.075  0.130 -0.001  0.337  0.544  0.072  0.344  0.592
         r2    r5     r6
b_A   0.041 0.017  0.106
b_B   0.026 0.037  0.133
pn_A  0.042 0.017  0.085
pn_B  0.034 0.063  0.075
po_A  0.100 0.027  0.130
po_B -0.072 0.012 -0.001
q1_A  0.242 0.088  0.337
q1_B  0.385 0.122  0.544
q2_A  0.042 0.017  0.072
q2_B  0.254 0.043  0.344
r1    0.421 0.140  0.592
r2    1.000 0.091  0.403
r5    0.091 1.000  0.160
r6    0.403 0.160  1.000


##############
 Model fit statistics (posterior predictive p-values):
Use PPP(fittedModel) to get T1 and T2 posterior predictive checks.


#################################
#### Individual Parameter Estimates
Parameter  b_A 
    Statistic
ID        Mean         SD      2.5%       50%     97.5% Time-series SE n.eff
  1  0.4222294 0.04119120 0.3326728 0.4248205 0.4964956   0.0007370865  3123
  2  0.4230454 0.04107459 0.3348755 0.4249075 0.4985342   0.0006800577  3648
  3  0.4335198 0.04257879 0.3495941 0.4335115 0.5189804   0.0009012519  2232
  4  0.4214180 0.04191299 0.3296195 0.4237015 0.4972727   0.0008569748  2392
  5  0.4391834 0.04369381 0.3594118 0.4369640 0.5348164   0.0008503896  2640
  6  0.4192477 0.04235867 0.3282335 0.4214320 0.4959555   0.0009057700  2187
  7  0.4377199 0.04320793 0.3583688 0.4357695 0.5324511   0.0008433324  2625
  8  0.4368187 0.04220308 0.3558719 0.4355925 0.5275065   0.0008428823  2507
  9  0.4191407 0.04229893 0.3253634 0.4218750 0.4944155   0.0007868292  2890
  10 0.4342531 0.04146537 0.3541013 0.4336785 0.5197276   0.0008014221  2677
  11 0.4386928 0.04143309 0.3609678 0.4370365 0.5279937   0.0007672794  2916
  12 0.4256927 0.04232353 0.3372897 0.4268255 0.5060587   0.0009031621  2196
  13 0.4239314 0.04261448 0.3323577 0.4261035 0.5021031   0.0008785090  2353
  14 0.4279131 0.04103705 0.3443336 0.4284130 0.5087957   0.0007378808  3093
  15 0.4322829 0.04080947 0.3525317 0.4322120 0.5153867   0.0007276970  3145
  16 0.4178812 0.04828410 0.3125001 0.4206945 0.5069771   0.0012927575  1395
  17 0.4327298 0.04528494 0.3424265 0.4326970 0.5236447   0.0010284066  1939
  18 0.4246187 0.04335463 0.3321274 0.4264350 0.5057612   0.0009894295  1920
  19 0.4313233 0.04170439 0.3486859 0.4314950 0.5153619   0.0007691447  2940
  20 0.4388501 0.04337164 0.3581923 0.4368985 0.5337422   0.0010078256  1852
  21 0.4289534 0.04270686 0.3425612 0.4295455 0.5128162   0.0008897263  2304
  22 0.4328694 0.04335527 0.3470557 0.4325610 0.5226281   0.0009383027  2135
  23 0.4300332 0.04681773 0.3338640 0.4302860 0.5245000   0.0011230149  1738
  24 0.4312717 0.03981259 0.3507753 0.4311055 0.5101282   0.0006691429  3540
    Statistic
ID       Rhat    R_95%
  1  1.001512 1.004367
  2  1.003539 1.010357
  3  1.002801 1.007423
  4  1.000341 1.000488
  5  1.003011 1.007759
  6  1.012454 1.037351
  7  1.003835 1.011061
  8  1.000579 1.000924
  9  1.003547 1.009722
  10 1.001089 1.002553
  11 1.000830 1.001912
  12 1.006810 1.020733
  13 1.001216 1.003034
  14 1.001963 1.004756
  15 1.001290 1.003219
  16 1.009269 1.027743
  17 1.001480 1.003971
  18 1.001708 1.004146
  19 1.003294 1.010180
  20 1.000812 1.002566
  21 1.000591 1.001812
  22 1.004938 1.014942
  23 1.006169 1.018987
  24 1.000317 1.000686
Parameter  b_B 
    Statistic
ID        Mean         SD      2.5%       50%     97.5% Time-series SE n.eff
  1  0.4096349 0.10192789 0.1892403 0.4139160 0.6078598    0.003029492  1132
  2  0.4434437 0.09101954 0.2743839 0.4398865 0.6442615    0.002308179  1555
  3  0.4502295 0.10928862 0.2549248 0.4415045 0.7167397    0.003265622  1120
  4  0.4281321 0.07796561 0.2713010 0.4292830 0.5828481    0.001792905  1891
  5  0.4038998 0.10150258 0.1810534 0.4096160 0.5995204    0.003599925   795
  6  0.4301124 0.10923606 0.2177276 0.4267260 0.6757032    0.003720595   862
  7  0.4064821 0.09319335 0.1963412 0.4128775 0.5783825    0.002499640  1390
  8  0.4523893 0.11225182 0.2555493 0.4422335 0.7266437    0.003412556  1082
  9  0.3985781 0.10141704 0.1703435 0.4058705 0.5844639    0.003087452  1079
  10 0.4494741 0.10056548 0.2593725 0.4441415 0.6744026    0.002816397  1275
  11 0.4383988 0.09610423 0.2548927 0.4353020 0.6525947    0.002376024  1636
  12 0.4375608 0.11016495 0.2395886 0.4303600 0.6971606    0.003593184   940
  13 0.4180237 0.08251505 0.2387533 0.4229525 0.5695736    0.002105414  1536
  14 0.4288934 0.08541502 0.2528435 0.4307400 0.5987763    0.002340357  1332
  15 0.4284385 0.10229130 0.2176343 0.4277525 0.6502559    0.002778875  1355
  16 0.4062318 0.12627432 0.1552030 0.4074380 0.6865477    0.004995335   639
  17 0.4241327 0.07839241 0.2633581 0.4252815 0.5765010    0.001735212  2041
  18 0.4015689 0.08406642 0.2193785 0.4067060 0.5539343    0.002386364  1241
  19 0.4563024 0.11313640 0.2685817 0.4436295 0.7480045    0.003601171   987
  20 0.4565486 0.11021258 0.2702881 0.4449370 0.7369852    0.003347469  1084
  21 0.4360777 0.07852381 0.2789655 0.4364850 0.5938482    0.001840626  1820
  22 0.4574575 0.11430958 0.2675082 0.4444435 0.7409685    0.003925407   848
  23 0.3974896 0.08383624 0.2099338 0.4048235 0.5421054    0.002137039  1539
  24 0.4303911 0.08846880 0.2528312 0.4300675 0.6158042    0.002200063  1617
    Statistic
ID       Rhat    R_95%
  1  1.013430 1.034786
  2  1.002429 1.003918
  3  1.004504 1.006931
  4  1.001828 1.004510
  5  1.032612 1.090261
  6  1.013315 1.037640
  7  1.009810 1.022623
  8  1.004103 1.005908
  9  1.018681 1.047766
  10 1.008860 1.018179
  11 1.006214 1.013373
  12 1.008622 1.020641
  13 1.006492 1.010350
  14 1.000988 1.002576
  15 1.005951 1.009429
  16 1.028700 1.081870
  17 1.001554 1.003907
  18 1.004170 1.012140
  19 1.002377 1.005043
  20 1.042012 1.084751
  21 1.002478 1.004718
  22 1.006357 1.013461
  23 1.007421 1.020358
  24 1.002023 1.002522
Parameter  pn_A 
    Statistic
ID        Mean         SD      2.5%       50%     97.5% Time-series SE n.eff
  1  0.6159255 0.06326994 0.4882632 0.6164270 0.7424978    0.001135446  3105
  2  0.6308841 0.06533492 0.5102129 0.6278770 0.7783767    0.001128142  3354
  3  0.6221607 0.06565414 0.4917863 0.6220660 0.7570286    0.001369579  2298
  4  0.6103645 0.06397478 0.4712535 0.6135000 0.7288817    0.001251763  2612
  5  0.5969338 0.06621074 0.4469595 0.6030575 0.7096193    0.001324215  2500
  6  0.5938573 0.07046151 0.4333270 0.6002190 0.7143945    0.001631596  1865
  7  0.6061983 0.06426540 0.4664879 0.6094710 0.7261508    0.001213852  2803
  8  0.5978993 0.06879126 0.4385781 0.6041830 0.7168751    0.001493698  2121
  9  0.6175310 0.06540694 0.4864276 0.6176950 0.7499878    0.001212905  2908
  10 0.6093868 0.06281623 0.4744049 0.6124050 0.7253810    0.001158112  2942
  11 0.6061500 0.06285306 0.4698540 0.6095650 0.7223842    0.001142972  3024
  12 0.6042973 0.06818284 0.4562319 0.6081965 0.7311698    0.001613371  1786
  13 0.6201907 0.06499394 0.4875273 0.6205015 0.7511268    0.001237363  2759
  14 0.6049847 0.06482385 0.4641564 0.6087875 0.7242611    0.001317460  2421
  15 0.6114481 0.06299845 0.4780593 0.6137260 0.7324234    0.001123183  3146
  16 0.5900503 0.07906015 0.4034620 0.5980495 0.7278281    0.002181021  1314
  17 0.6119891 0.06734522 0.4666244 0.6151900 0.7367033    0.001691579  1585
  18 0.5995990 0.06918991 0.4421689 0.6049555 0.7203648    0.001646446  1766
  19 0.5985824 0.06700222 0.4500937 0.6035455 0.7166458    0.001337372  2510
  20 0.6265922 0.06682965 0.4948058 0.6255450 0.7670188    0.001488415  2016
  21 0.6184260 0.06637422 0.4820432 0.6189965 0.7519163    0.001442577  2117
  22 0.5945824 0.07302766 0.4233570 0.6018465 0.7187166    0.001735804  1770
  23 0.6252640 0.06948285 0.4858151 0.6242100 0.7692600    0.001862336  1392
  24 0.6072103 0.06218207 0.4729666 0.6105875 0.7205664    0.001085085  3284
    Statistic
ID       Rhat    R_95%
  1  1.001664 1.003316
  2  1.000909 1.002519
  3  1.004214 1.012385
  4  1.002646 1.007804
  5  1.003220 1.008328
  6  1.005633 1.016048
  7  1.002018 1.004213
  8  1.002245 1.006540
  9  1.002322 1.006923
  10 1.003124 1.007180
  11 1.002897 1.007576
  12 1.003235 1.006741
  13 1.002661 1.007364
  14 1.004197 1.011623
  15 1.002988 1.007564
  16 1.015527 1.040059
  17 1.000619 1.001802
  18 1.007881 1.022997
  19 1.003522 1.010105
  20 1.003454 1.009356
  21 1.002230 1.005320
  22 1.005074 1.012717
  23 1.005198 1.015866
  24 1.000279 1.000669
Parameter  pn_B 
    Statistic
ID        Mean         SD      2.5%       50%     97.5% Time-series SE n.eff
  1  0.7896648 0.08050946 0.6130528 0.7935645 0.9417116    0.002026718  1578
  2  0.7540667 0.08140509 0.5522751 0.7674805 0.8765623    0.001687175  2328
  3  0.7808644 0.07564300 0.6040807 0.7889460 0.9074335    0.001781439  1803
  4  0.7760997 0.07633774 0.5957158 0.7851725 0.9045215    0.001771468  1857
  5  0.7709321 0.08324067 0.5708864 0.7804580 0.9105526    0.002160820  1484
  6  0.7534972 0.09034601 0.5311602 0.7677285 0.8936903    0.002543193  1262
  7  0.7951775 0.08115292 0.6164745 0.7989940 0.9478273    0.002161198  1410
  8  0.7788631 0.07297173 0.6119912 0.7863445 0.9052767    0.001558599  2192
  9  0.7961678 0.07621075 0.6348419 0.7983025 0.9424100    0.002029582  1410
  10 0.8007482 0.07163442 0.6451746 0.8044975 0.9327980    0.001617232  1962
  11 0.7760643 0.07591678 0.5969703 0.7852465 0.9008276    0.001663386  2083
  12 0.7382163 0.09321537 0.5063454 0.7544990 0.8756188    0.002502032  1388
  13 0.8176352 0.07427959 0.6681858 0.8162440 0.9612750    0.001850065  1612
  14 0.7773328 0.07395502 0.6052651 0.7852685 0.9043608    0.001772936  1740
  15 0.8117837 0.07261530 0.6635356 0.8118050 0.9540828    0.001856446  1530
  16 0.7611849 0.09958776 0.5202339 0.7750965 0.9227283    0.003374402   871
  17 0.7556862 0.08576056 0.5462918 0.7703425 0.8817731    0.002450302  1225
  18 0.7589181 0.08871404 0.5378086 0.7728180 0.8952244    0.002375228  1395
  19 0.7323960 0.09339912 0.4966788 0.7506240 0.8651862    0.002134872  1914
  20 0.7868800 0.07295660 0.6217698 0.7934620 0.9134825    0.001778900  1682
  21 0.7567015 0.08129570 0.5558829 0.7703915 0.8776890    0.001777406  2092
  22 0.7337092 0.09028111 0.5131619 0.7495835 0.8670382    0.002261272  1594
  23 0.8219653 0.07674116 0.6624431 0.8220885 0.9652525    0.002052460  1398
  24 0.7779767 0.07091704 0.6176084 0.7849405 0.8990237    0.001482271  2289
    Statistic
ID       Rhat    R_95%
  1  1.007090 1.019541
  2  1.001387 1.003608
  3  1.000974 1.002971
  4  1.004003 1.011255
  5  1.014723 1.039575
  6  1.008860 1.024811
  7  1.005790 1.015898
  8  1.001625 1.004246
  9  1.010360 1.031119
  10 1.001798 1.005602
  11 1.002955 1.008564
  12 1.011071 1.032320
  13 1.000946 1.003133
  14 1.001476 1.003446
  15 1.001086 1.003268
  16 1.027688 1.074877
  17 1.005331 1.011794
  18 1.007367 1.020812
  19 1.004528 1.011642
  20 1.006954 1.020114
  21 1.004631 1.010848
  22 1.008479 1.022522
  23 1.003758 1.010155
  24 1.002465 1.006590
Parameter  po_A 
    Statistic
ID         Mean         SD         2.5%        50%     97.5% Time-series SE n.eff
  1  0.06120076 0.04790036 4.762779e-04 0.05320580 0.1738223   0.0008852241  2928
  2  0.06348220 0.04711777 7.971198e-04 0.05670690 0.1707624   0.0007775590  3672
  3  0.06531423 0.04765872 7.598565e-04 0.05888215 0.1746040   0.0008632467  3048
  4  0.06133648 0.04553342 7.257843e-04 0.05440550 0.1651516   0.0008535182  2846
  5  0.06919522 0.05882618 5.429128e-04 0.05840085 0.2154680   0.0012015356  2397
  6  0.05372094 0.04457996 1.423319e-04 0.04544825 0.1561270   0.0010724272  1728
  7  0.07383530 0.06267219 7.492901e-04 0.06177290 0.2348454   0.0012986441  2329
  8  0.05661417 0.04469812 4.075166e-04 0.04887555 0.1595089   0.0008212904  2962
  9  0.06034213 0.04745793 3.970743e-04 0.05256495 0.1719996   0.0009435144  2530
  10 0.07372495 0.05336549 1.319228e-03 0.06580825 0.1996517   0.0009452997  3187
  11 0.07396719 0.05369264 1.345038e-03 0.06629465 0.2007303   0.0009261482  3361
  12 0.05582474 0.04682841 1.686587e-04 0.04688590 0.1654274   0.0011483209  1663
  13 0.07316067 0.05338953 1.476315e-03 0.06512990 0.1995004   0.0010875459  2410
  14 0.07149013 0.05494127 1.037015e-03 0.06286860 0.2049547   0.0011285596  2370
  15 0.07120141 0.05175106 1.087657e-03 0.06375190 0.1914796   0.0008808133  3452
  16 0.05503816 0.05051558 4.244503e-05 0.04358275 0.1764458   0.0015552462  1055
  17 0.12438478 0.09141943 4.412961e-03 0.10441150 0.3549252   0.0027805178  1081
  18 0.07051217 0.05649330 5.441851e-04 0.06074240 0.2111058   0.0011965805  2229
  19 0.06614816 0.05406482 3.764427e-04 0.05702585 0.1973040   0.0011984849  2035
  20 0.06803749 0.05025130 8.953382e-04 0.06049555 0.1852736   0.0011267562  1989
  21 0.08461753 0.06564034 1.780531e-03 0.07283410 0.2509295   0.0014169548  2146
  22 0.06744610 0.05869335 2.910133e-04 0.05645180 0.2117091   0.0013943025  1772
  23 0.11337134 0.08751143 2.533825e-03 0.09453680 0.3407001   0.0024702615  1255
  24 0.06714172 0.04949953 1.013529e-03 0.05986690 0.1833964   0.0008678787  3253
    Statistic
ID       Rhat    R_95%
  1  1.000328 1.000592
  2  1.002679 1.007589
  3  1.004694 1.014201
  4  1.003570 1.010943
  5  1.002206 1.005567
  6  1.003208 1.009766
  7  1.001628 1.003993
  8  1.006694 1.019080
  9  1.004184 1.012471
  10 1.002569 1.005348
  11 1.004274 1.012841
  12 1.001772 1.005710
  13 1.000904 1.002373
  14 1.002368 1.003744
  15 1.001406 1.004236
  16 1.006250 1.015943
  17 1.005719 1.015939
  18 1.001920 1.004927
  19 1.003321 1.010289
  20 1.001907 1.005369
  21 1.008161 1.021542
  22 1.005303 1.011689
  23 1.003572 1.008000
  24 1.001058 1.002219
Parameter  po_B 
    Statistic
ID         Mean         SD         2.5%        50%     97.5% Time-series SE n.eff
  1  0.58830279 0.16853505 2.188032e-01 0.60592400 0.8625442   0.0039088638  1859
  2  0.51373869 0.16671894 1.557229e-01 0.52563400 0.8046037   0.0035030864  2265
  3  0.96087896 0.05394164 8.060556e-01 0.98213800 0.9999960   0.0008918715  3658
  4  0.08538248 0.09792412 1.304099e-05 0.05019225 0.3532500   0.0019464516  2531
  5  0.69098561 0.13175649 3.851799e-01 0.70773050 0.8998311   0.0023814439  3061
  6  0.76664012 0.13962249 4.382609e-01 0.79208050 0.9626853   0.0027758443  2530
  7  0.30168260 0.17214959 2.856718e-03 0.30028250 0.6367716   0.0041460769  1724
  8  0.96404118 0.05036857 8.185655e-01 0.98486600 0.9999990   0.0008805478  3272
  9  0.68390838 0.13669263 3.737167e-01 0.70060200 0.8967830   0.0028203537  2349
  10 0.38941357 0.20995317 1.075911e-03 0.39839700 0.7669597   0.0058342838  1295
  11 0.81386233 0.10690102 5.626606e-01 0.83219100 0.9665572   0.0016746267  4075
  12 0.84838370 0.12505790 5.290440e-01 0.87959400 0.9896023   0.0025748217  2359
  13 0.10934796 0.11895676 2.664557e-06 0.06880505 0.4199258   0.0026849053  1963
  14 0.17982764 0.15178115 1.204057e-04 0.14873750 0.5299903   0.0034968530  1884
  15 0.76021369 0.13663548 4.404910e-01 0.78322550 0.9567823   0.0028577575  2286
  16 0.85767504 0.13126398 5.359698e-01 0.89175400 0.9919930   0.0027418157  2292
  17 0.21270589 0.14419898 4.268826e-05 0.20904300 0.5041547   0.0030983678  2166
  18 0.11049039 0.10845452 1.360018e-05 0.07969330 0.3788711   0.0020558482  2783
  19 0.96152672 0.05910030 7.936863e-01 0.98519800 0.9999990   0.0012442858  2256
  20 0.85575088 0.13803760 5.426369e-01 0.88806550 0.9889731   0.0030592044  2036
  21 0.15339915 0.14263167 9.682834e-06 0.11907300 0.4886194   0.0033305527  1834
  22 0.95188901 0.07330247 7.464006e-01 0.98145550 0.9999990   0.0015969318  2107
  23 0.06861498 0.08689520 1.480891e-07 0.03251465 0.3039641   0.0017410407  2491
  24 0.47181746 0.16457410 1.308802e-01 0.48090950 0.7665589   0.0034788160  2238
    Statistic
ID       Rhat    R_95%
  1  1.002379 1.005250
  2  1.000816 1.002604
  3  1.000204 1.000404
  4  1.005523 1.013643
  5  1.008322 1.022955
  6  1.007578 1.019296
  7  1.003206 1.009513
  8  1.002523 1.005064
  9  1.004349 1.010542
  10 1.003752 1.009869
  11 1.002992 1.009193
  12 1.014217 1.026199
  13 1.000761 1.001922
  14 1.000213 1.000520
  15 1.002088 1.006018
  16 1.046492 1.070680
  17 1.002729 1.008059
  18 1.001596 1.004530
  19 1.015593 1.024866
  20 1.162142 1.350920
  21 1.005239 1.015383
  22 1.004266 1.006487
  23 1.003918 1.008664
  24 1.001914 1.005184
Parameter  q1_A 
    Statistic
ID        Mean         SD       2.5%       50%     97.5% Time-series SE n.eff
  1  0.1910007 0.03311912 0.12521180 0.1910500 0.2584728   0.0007230629  2098
  2  0.1995274 0.03362486 0.13593445 0.1982960 0.2721313   0.0006549192  2636
  3  0.2133351 0.04046823 0.14329295 0.2089900 0.3076694   0.0010576540  1464
  4  0.2022639 0.03491954 0.13827990 0.2002285 0.2803101   0.0008212384  1808
  5  0.1890461 0.03332444 0.12264287 0.1889490 0.2569203   0.0006962261  2291
  6  0.1752695 0.03572625 0.10036863 0.1774280 0.2413492   0.0009136580  1529
  7  0.2012415 0.03505881 0.13744697 0.1987970 0.2793869   0.0007347095  2277
  8  0.1977683 0.03533472 0.12979695 0.1967945 0.2730865   0.0007861872  2020
  9  0.1916957 0.03377709 0.12439762 0.1914270 0.2611708   0.0006793568  2472
  10 0.2208937 0.03994895 0.15704350 0.2153900 0.3147164   0.0009392605  1809
  11 0.2121789 0.03693495 0.14872190 0.2084795 0.2952020   0.0007817906  2232
  12 0.1770426 0.03524459 0.10258665 0.1790760 0.2425390   0.0009501304  1376
  13 0.2140845 0.03884736 0.14749375 0.2098355 0.3048991   0.0009633880  1626
  14 0.1939586 0.03482333 0.12529880 0.1937550 0.2670161   0.0008529087  1667
  15 0.1986992 0.03502679 0.12904640 0.1981705 0.2704639   0.0007371204  2258
  16 0.1626426 0.04050847 0.07881397 0.1659650 0.2347045   0.0013268991   932
  17 0.2463106 0.05825025 0.16491905 0.2333205 0.3883612   0.0017563113  1100
  18 0.1877598 0.03422174 0.11756962 0.1884835 0.2562033   0.0008244408  1723
  19 0.1995557 0.03584881 0.13381085 0.1975985 0.2800428   0.0007902275  2058
  20 0.2185360 0.04272030 0.14631790 0.2135195 0.3164336   0.0013102906  1063
  21 0.2072065 0.03619991 0.14127158 0.2047635 0.2871718   0.0008427705  1845
  22 0.1783503 0.03555476 0.10259513 0.1805735 0.2442851   0.0009823407  1310
  23 0.2375421 0.05091371 0.16047245 0.2285270 0.3573615   0.0015039813  1146
  24 0.2023705 0.03312745 0.14146640 0.2006100 0.2749807   0.0005737269  3334
    Statistic
ID       Rhat    R_95%
  1  1.001472 1.003850
  2  1.003625 1.009550
  3  1.006784 1.019544
  4  1.002406 1.004617
  5  1.001186 1.003808
  6  1.004923 1.015128
  7  1.004185 1.010793
  8  1.010563 1.032536
  9  1.001675 1.002054
  10 1.006384 1.017168
  11 1.002266 1.007177
  12 1.001361 1.004415
  13 1.006733 1.018571
  14 1.005138 1.013067
  15 1.003332 1.009555
  16 1.007957 1.023992
  17 1.005513 1.016018
  18 1.004936 1.013107
  19 1.002568 1.007790
  20 1.006929 1.020501
  21 1.004487 1.013664
  22 1.004585 1.013060
  23 1.005481 1.015507
  24 1.000541 1.000885
Parameter  q1_B 
    Statistic
ID         Mean         SD         2.5%        50%     97.5% Time-series SE n.eff
  1  0.09726006 0.06815027 0.0047596025 0.08591740 0.2568611    0.001596590  1822
  2  0.15196948 0.07796769 0.0285058775 0.14350400 0.3284755    0.001742104  2003
  3  0.32834828 0.16455567 0.0827666900 0.30069950 0.7170461    0.004253064  1497
  4  0.11682554 0.05823915 0.0233610950 0.11054050 0.2462842    0.001265172  2119
  5  0.08367526 0.06179034 0.0032172642 0.07210175 0.2313120    0.001482589  1737
  6  0.06712864 0.05603814 0.0014288678 0.05405970 0.2039504    0.001390563  1624
  7  0.15811565 0.07538760 0.0417759100 0.14827050 0.3320442    0.001797492  1759
  8  0.19856003 0.12579747 0.0163053850 0.17860050 0.5016629    0.003436525  1340
  9  0.09794177 0.07203588 0.0039274142 0.08459535 0.2709769    0.001823839  1560
  10 0.29860194 0.11140190 0.1154033750 0.28648950 0.5455118    0.002678364  1730
  11 0.25257086 0.12219677 0.0653233100 0.23435600 0.5457790    0.003098807  1555
  12 0.06962287 0.05797584 0.0014120090 0.05634940 0.2126095    0.001469746  1556
  13 0.23189031 0.08262250 0.0939244500 0.22370300 0.4138484    0.001708375  2339
  14 0.08206915 0.05428103 0.0047024635 0.07392735 0.2046482    0.001236217  1928
  15 0.19461491 0.11582537 0.0187683850 0.17758050 0.4687693    0.002859232  1641
  16 0.05267703 0.05761436 0.0002409213 0.03427870 0.2034451    0.001842304   978
  17 0.34372360 0.10500106 0.1589229500 0.33746600 0.5619000    0.002265565  2148
  18 0.11140849 0.05513594 0.0277976725 0.10393950 0.2379307    0.001204025  2097
  19 0.15535836 0.09299598 0.0260602850 0.13891200 0.3865383    0.002199895  1787
  20 0.39194632 0.17147823 0.1287536250 0.36542500 0.7834502    0.004850137  1250
  21 0.25150560 0.08330550 0.1126675250 0.24328550 0.4358186    0.001823965  2086
  22 0.08953408 0.07147985 0.0027020238 0.07373955 0.2670662    0.001819704  1543
  23 0.36842328 0.09996321 0.1907525500 0.36215100 0.5788571    0.001859479  2890
  24 0.12587274 0.07532182 0.0102792800 0.11770600 0.2937164    0.001798482  1754
    Statistic
ID       Rhat    R_95%
  1  1.000584 1.001559
  2  1.001967 1.006106
  3  1.001750 1.005097
  4  1.002320 1.005157
  5  1.000417 1.001089
  6  1.001146 1.001480
  7  1.005578 1.016253
  8  1.001221 1.003449
  9  1.001253 1.003994
  10 1.002325 1.006588
  11 1.000633 1.001914
  12 1.001168 1.002234
  13 1.002949 1.008751
  14 1.000642 1.001368
  15 1.002663 1.007262
  16 1.008796 1.021408
  17 1.000411 1.001139
  18 1.003150 1.008162
  19 1.007667 1.020490
  20 1.012084 1.033521
  21 1.003034 1.009499
  22 1.004051 1.008432
  23 1.001246 1.003678
  24 1.001436 1.004075
Parameter  q2_A 
    Statistic
ID        Mean         SD      2.5%       50%     97.5% Time-series SE n.eff
  1  0.3756113 0.03704417 0.3071577 0.3736660 0.4560577   0.0006356762  3396
  2  0.3688429 0.03516128 0.2964031 0.3693295 0.4389003   0.0005349618  4320
  3  0.3759456 0.04067004 0.2981351 0.3743520 0.4646133   0.0009255150  1931
  4  0.3727354 0.03751566 0.2981091 0.3721220 0.4504773   0.0007599496  2437
  5  0.3631399 0.03715772 0.2823918 0.3646650 0.4326588   0.0007089567  2747
  6  0.3657151 0.03832891 0.2856898 0.3663170 0.4412417   0.0008091240  2244
  7  0.3643062 0.03947342 0.2767217 0.3661050 0.4389302   0.0007952148  2464
  8  0.3747832 0.03914901 0.3006899 0.3732650 0.4601104   0.0008275433  2238
  9  0.3654685 0.03670121 0.2875920 0.3665990 0.4360512   0.0007537280  2371
  10 0.3788220 0.03811880 0.3083554 0.3763290 0.4633501   0.0008045092  2245
  11 0.3733385 0.03798474 0.2991152 0.3723980 0.4531113   0.0007942846  2287
  12 0.3564138 0.04009978 0.2647936 0.3599035 0.4275616   0.0008968826  1999
  13 0.3772793 0.03896993 0.3037819 0.3754160 0.4631371   0.0008640805  2034
  14 0.3742792 0.03727464 0.3027334 0.3728730 0.4545393   0.0007375697  2554
  15 0.3725291 0.03635710 0.3015188 0.3716390 0.4485615   0.0006191638  3448
  16 0.3699430 0.04360583 0.2823348 0.3694755 0.4611679   0.0013979388   973
  17 0.3752442 0.04218507 0.2921062 0.3740155 0.4645565   0.0010619530  1578
  18 0.3724523 0.03905291 0.2972326 0.3712605 0.4557427   0.0008855103  1945
  19 0.3666278 0.03801516 0.2879897 0.3670740 0.4420123   0.0007914673  2307
  20 0.3673464 0.03993798 0.2817599 0.3684070 0.4454541   0.0008970864  1982
  21 0.3791872 0.03947862 0.3064206 0.3769050 0.4668563   0.0008508244  2153
  22 0.3572139 0.04081187 0.2619866 0.3607955 0.4280322   0.0010225359  1593
  23 0.3854804 0.04578839 0.3053657 0.3810730 0.4935291   0.0013868902  1090
  24 0.3712446 0.03549831 0.3011326 0.3708045 0.4439085   0.0005979841  3524
    Statistic
ID       Rhat    R_95%
  1  1.001401 1.004392
  2  1.001285 1.004040
  3  1.002252 1.007204
  4  1.002086 1.005783
  5  1.002006 1.005770
  6  1.001678 1.004926
  7  1.000441 1.000889
  8  1.001764 1.005329
  9  1.000423 1.001456
  10 1.000419 1.000535
  11 1.003413 1.010564
  12 1.001847 1.004847
  13 1.001136 1.002098
  14 1.002328 1.007404
  15 1.002115 1.005465
  16 1.000890 1.002292
  17 1.001078 1.002638
  18 1.001753 1.004682
  19 1.002811 1.007708
  20 1.003674 1.009893
  21 1.001713 1.003393
  22 1.001568 1.003860
  23 1.002659 1.002934
  24 1.001574 1.003462
Parameter  q2_B 
    Statistic
ID        Mean         SD       2.5%       50%     97.5% Time-series SE n.eff
  1  0.3258917 0.09272450 0.14814463 0.3261185 0.5186543    0.002401351  1491
  2  0.3634298 0.08568309 0.19886822 0.3611815 0.5475678    0.001885537  2065
  3  0.3452463 0.12279106 0.08447255 0.3522750 0.5855007    0.004177437   864
  4  0.3566553 0.07340742 0.21625255 0.3551075 0.5087639    0.001577651  2165
  5  0.2882466 0.09614322 0.09984505 0.2916705 0.4743759    0.002595623  1372
  6  0.2438131 0.10154204 0.05335449 0.2448380 0.4322681    0.003051913  1107
  7  0.2757012 0.09689493 0.07551471 0.2833165 0.4471581    0.002519515  1479
  8  0.3043991 0.11469536 0.06970342 0.3127495 0.5213748    0.003521180  1061
  9  0.2765366 0.10042446 0.07116318 0.2826210 0.4574111    0.002728160  1355
  10 0.3781594 0.09973880 0.17351335 0.3784715 0.5820779    0.002873231  1205
  11 0.3341833 0.10815317 0.10649827 0.3404330 0.5413325    0.003124718  1198
  12 0.2704468 0.09838859 0.08323520 0.2726955 0.4576309    0.003238500   923
  13 0.3986075 0.08494150 0.23566762 0.3953050 0.5761585    0.002033397  1745
  14 0.3612062 0.08187405 0.20221165 0.3597320 0.5320171    0.001983988  1703
  15 0.3575895 0.10450246 0.14812365 0.3568485 0.5771915    0.002968868  1239
  16 0.2211325 0.11290527 0.02862415 0.2149300 0.4419673    0.004411574   655
  17 0.4495749 0.09390843 0.28362023 0.4424155 0.6508637    0.002463609  1453
  18 0.3337766 0.08044398 0.17846383 0.3337770 0.4968147    0.002216668  1317
  19 0.2694430 0.10600549 0.05905184 0.2779285 0.4609452    0.003087248  1179
  20 0.3812325 0.12190755 0.13109322 0.3808675 0.6392887    0.003984673   936
  21 0.4727896 0.10326952 0.30164717 0.4620505 0.6968022    0.002670863  1495
  22 0.2747381 0.10042665 0.08019651 0.2767205 0.4677775    0.003014307  1110
  23 0.4953604 0.10754128 0.31219818 0.4869495 0.7219393    0.003082690  1217
  24 0.3904744 0.08866288 0.22951452 0.3838350 0.5883418    0.001987038  1991
    Statistic
ID       Rhat    R_95%
  1  1.003252 1.009005
  2  1.000462 1.001613
  3  1.007495 1.021663
  4  1.005035 1.014887
  5  1.011240 1.033872
  6  1.005810 1.017799
  7  1.005718 1.017477
  8  1.010353 1.030934
  9  1.003073 1.009533
  10 1.013676 1.040679
  11 1.004795 1.013194
  12 1.002301 1.006443
  13 1.000514 1.001198
  14 1.001365 1.003597
  15 1.007509 1.021566
  16 1.006482 1.019083
  17 1.004302 1.013300
  18 1.001963 1.006286
  19 1.004131 1.012012
  20 1.027132 1.079450
  21 1.012282 1.036625
  22 1.003332 1.010160
  23 1.002566 1.007894
  24 1.001242 1.003956
Parameter  r1 
    Statistic
ID        Mean         SD      2.5%       50%     97.5% Time-series SE n.eff
  1  0.3753055 0.06870327 0.2430229 0.3747290 0.5128776    0.001631635  1773
  2  0.4219869 0.06903877 0.2870713 0.4216545 0.5594906    0.001629978  1794
  3  0.5320405 0.07190697 0.3962115 0.5303715 0.6781151    0.001838939  1529
  4  0.4523608 0.07552041 0.3134829 0.4491970 0.6107399    0.002065374  1337
  5  0.3550722 0.06984562 0.2218045 0.3541415 0.4973602    0.001720002  1649
  6  0.2863699 0.06880688 0.1566550 0.2843750 0.4246552    0.001537800  2002
  7  0.3646979 0.07064509 0.2285980 0.3643250 0.5031521    0.001880695  1411
  8  0.4770378 0.07587810 0.3327659 0.4747665 0.6312577    0.002045537  1376
  9  0.3674273 0.06692222 0.2388827 0.3667760 0.5005032    0.001612701  1722
  10 0.5321674 0.07214705 0.3969239 0.5302665 0.6801599    0.001644384  1925
  11 0.5377180 0.07540970 0.3984235 0.5347615 0.6947432    0.001750404  1856
  12 0.2972325 0.06932403 0.1653212 0.2958750 0.4353913    0.001535990  2037
  13 0.5194158 0.07327501 0.3795431 0.5173635 0.6691423    0.001759670  1734
  14 0.4006480 0.07200496 0.2631220 0.3996290 0.5480783    0.001812055  1579
  15 0.5230625 0.07552829 0.3840184 0.5189170 0.6816094    0.001939174  1517
  16 0.2812200 0.07142099 0.1517304 0.2775945 0.4315128    0.002101527  1155
  17 0.5755229 0.08127280 0.4170309 0.5747490 0.7381204    0.002084603  1520
  18 0.3194851 0.07722002 0.1699999 0.3197050 0.4684765    0.002275117  1152
  19 0.3725181 0.07350753 0.2259988 0.3739635 0.5146205    0.001849283  1580
  20 0.5525404 0.07283702 0.4121726 0.5514685 0.6983000    0.001646061  1958
  21 0.4840050 0.07483427 0.3407059 0.4824210 0.6354045    0.001878504  1587
  22 0.3341961 0.07160126 0.1994519 0.3326000 0.4783955    0.001822794  1543
  23 0.6003645 0.07486554 0.4545031 0.5995840 0.7479873    0.001717081  1901
  24 0.4501144 0.06918884 0.3176687 0.4481190 0.5904770    0.001549824  1993
    Statistic
ID       Rhat    R_95%
  1  1.016037 1.048855
  2  1.002207 1.005970
  3  1.001722 1.005565
  4  1.002888 1.008910
  5  1.003854 1.011182
  6  1.005760 1.017556
  7  1.002201 1.006971
  8  1.008451 1.023956
  9  1.003349 1.010036
  10 1.000708 1.002337
  11 1.006471 1.019910
  12 1.001407 1.004183
  13 1.004974 1.015399
  14 1.001300 1.003599
  15 1.008187 1.024080
  16 1.004504 1.012217
  17 1.002142 1.005908
  18 1.000584 1.001142
  19 1.000516 1.001694
  20 1.003240 1.008803
  21 1.001931 1.004372
  22 1.001814 1.004691
  23 1.000380 1.001157
  24 1.005146 1.015772
Parameter  r2 
    Statistic
ID        Mean         SD      2.5%       50%     97.5% Time-series SE n.eff
  1  0.6576930 0.06109517 0.5316970 0.6584760 0.7798610    0.001325964  2123
  2  0.6833300 0.05997537 0.5689959 0.6806920 0.8120714    0.001208483  2463
  3  0.7278333 0.07118977 0.6083559 0.7198595 0.8840669    0.001844270  1490
  4  0.6643646 0.06607076 0.5272068 0.6651785 0.7947789    0.001468965  2023
  5  0.6490693 0.06447477 0.5140149 0.6512640 0.7763042    0.001626161  1572
  6  0.6363661 0.06716174 0.4933836 0.6396650 0.7629684    0.001756500  1462
  7  0.6617038 0.06181369 0.5331882 0.6628610 0.7860881    0.001336844  2138
  8  0.6928537 0.06759351 0.5666859 0.6882230 0.8412396    0.001817582  1383
  9  0.6546731 0.06223973 0.5242019 0.6559710 0.7775476    0.001345115  2141
  10 0.7030847 0.06444197 0.5871119 0.6983785 0.8437396    0.001450425  1974
  11 0.7005262 0.06614880 0.5796046 0.6962425 0.8438802    0.001558709  1801
  12 0.6483267 0.06530346 0.5128086 0.6498110 0.7770069    0.001627508  1610
  13 0.6947755 0.06383760 0.5739846 0.6916515 0.8296974    0.001285263  2467
  14 0.6685094 0.06237540 0.5459052 0.6675475 0.7977523    0.001340864  2164
  15 0.6929690 0.06500519 0.5714877 0.6888535 0.8324312    0.001520823  1827
  16 0.6038602 0.08457382 0.4198393 0.6112105 0.7525786    0.002591559  1065
  17 0.7236846 0.07202564 0.5974494 0.7171495 0.8792952    0.001986206  1315
  18 0.6400767 0.06954110 0.4865977 0.6449700 0.7668575    0.002001649  1207
  19 0.6694598 0.06514518 0.5409846 0.6684290 0.8037723    0.001496109  1896
  20 0.7302390 0.07152417 0.6095799 0.7227665 0.8857045    0.001870592  1462
  21 0.6950449 0.06427425 0.5739767 0.6915085 0.8311490    0.001512021  1807
  22 0.6435906 0.06832314 0.4967689 0.6466120 0.7738686    0.001703824  1608
  23 0.7333300 0.07373220 0.6057397 0.7266045 0.8904858    0.002024815  1326
  24 0.6874396 0.06045987 0.5762069 0.6835890 0.8192582    0.001179382  2628
    Statistic
ID       Rhat    R_95%
  1  1.003981 1.012334
  2  1.000701 1.001873
  3  1.008791 1.025118
  4  1.005719 1.016374
  5  1.003376 1.009577
  6  1.009442 1.028091
  7  1.001326 1.004309
  8  1.002188 1.003344
  9  1.011426 1.034739
  10 1.003888 1.011931
  11 1.001645 1.004251
  12 1.013681 1.040676
  13 1.001829 1.004322
  14 1.004957 1.013978
  15 1.003092 1.008967
  16 1.014195 1.042680
  17 1.008070 1.024044
  18 1.009782 1.029949
  19 1.001967 1.005036
  20 1.005580 1.015813
  21 1.001302 1.003919
  22 1.008585 1.026050
  23 1.002118 1.006118
  24 1.000951 1.002037
Parameter  r5 
    Statistic
ID        Mean         SD      2.5%       50%     97.5% Time-series SE n.eff
  1  0.7014509 0.09311330 0.5141717 0.6998070 0.8981007    0.001980238  2211
  2  0.7047611 0.10245605 0.4880030 0.7040990 0.9145071    0.002410898  1806
  3  0.7485165 0.10230557 0.5606673 0.7393890 0.9640637    0.003032691  1138
  4  0.6933578 0.12063222 0.4066134 0.6988225 0.9209522    0.003312772  1326
  5  0.7293052 0.08596319 0.5775326 0.7222725 0.9248074    0.001631853  2775
  6  0.6797334 0.09377068 0.4716866 0.6848040 0.8557045    0.001928605  2364
  7  0.7033044 0.10044542 0.4939176 0.7023565 0.9127117    0.002404542  1745
  8  0.7308271 0.09486294 0.5489834 0.7259840 0.9334497    0.002404099  1557
  9  0.7299975 0.08700939 0.5746466 0.7233670 0.9251932    0.001691817  2645
  10 0.7149101 0.11633018 0.4687693 0.7129250 0.9519450    0.003754540   960
  11 0.7342005 0.09860661 0.5501966 0.7272805 0.9441748    0.002830067  1214
  12 0.6805540 0.08808161 0.4883878 0.6843700 0.8461766    0.001838228  2296
  13 0.7125433 0.11954514 0.4531233 0.7120645 0.9526729    0.003814839   982
  14 0.7039343 0.10565301 0.4785599 0.7045290 0.9161393    0.002608915  1640
  15 0.7201137 0.09595087 0.5317143 0.7157750 0.9261046    0.002530285  1438
  16 0.6821320 0.08725503 0.5012895 0.6845640 0.8504116    0.002245443  1510
  17 0.7242707 0.12418259 0.4601411 0.7217045 0.9664051    0.005147534   582
  18 0.6928495 0.11251859 0.4381020 0.6964725 0.9113938    0.002857054  1551
  19 0.7216881 0.08229232 0.5654460 0.7180310 0.8928702    0.001532629  2883
  20 0.7317720 0.10831358 0.5166603 0.7273610 0.9549680    0.003730518   843
  21 0.7172779 0.11305749 0.4815791 0.7157220 0.9460249    0.003339697  1146
  22 0.6931669 0.08260781 0.5194329 0.6954800 0.8520780    0.001497511  3043
  23 0.7266014 0.12862786 0.4484238 0.7244365 0.9728823    0.005056883   647
  24 0.7188549 0.09737793 0.5303653 0.7151785 0.9276704    0.002410463  1632
    Statistic
ID       Rhat    R_95%
  1  1.002042 1.005972
  2  1.000263 1.000829
  3  1.003108 1.009228
  4  1.001867 1.003754
  5  1.002919 1.009278
  6  1.000538 1.001661
  7  1.004410 1.012421
  8  1.002655 1.007992
  9  1.001745 1.005503
  10 1.002265 1.006126
  11 1.003351 1.009869
  12 1.005957 1.018532
  13 1.001644 1.003314
  14 1.001704 1.005331
  15 1.000519 1.001411
  16 1.010169 1.028116
  17 1.001149 1.003575
  18 1.006312 1.019287
  19 1.000257 1.000941
  20 1.002073 1.003664
  21 1.001556 1.003539
  22 1.001688 1.004785
  23 1.001836 1.003879
  24 1.000869 1.002622
Parameter  r6 
    Statistic
ID         Mean         SD        2.5%        50%     97.5% Time-series SE n.eff
  1  0.40333407 0.13791203 0.173550300 0.39169650 0.7130304    0.003766064  1341
  2  0.57784374 0.15085063 0.295756350 0.57234000 0.8903604    0.004241328  1265
  3  0.81820965 0.07694104 0.647915325 0.82579750 0.9445804    0.001264903  3700
  4  0.46496265 0.21251050 0.080789038 0.45877400 0.8877613    0.006690134  1009
  5  0.37257249 0.11755247 0.166138450 0.36398150 0.6192571    0.002706112  1887
  6  0.36041384 0.11696900 0.162781225 0.35037300 0.6176276    0.002829435  1709
  7  0.40207440 0.17435502 0.101336200 0.38853850 0.7830729    0.004664835  1397
  8  0.74332069 0.09232581 0.547005675 0.75005500 0.9048132    0.001739212  2818
  9  0.38683434 0.12189214 0.174895000 0.37878200 0.6409410    0.002701387  2036
  10 0.64085036 0.17338625 0.304173150 0.64093000 0.9579790    0.005750859   909
  11 0.76907012 0.09518976 0.568769625 0.77457650 0.9382297    0.001904939  2497
  12 0.30311024 0.10420934 0.128476225 0.29472700 0.5224441    0.002297680  2057
  13 0.57391093 0.21413096 0.140902725 0.58527350 0.9466261    0.007528444   809
  14 0.40009960 0.20918179 0.065354732 0.37657200 0.8579534    0.007607868   756
  15 0.63164017 0.11908652 0.398729575 0.63157700 0.8673196    0.002668197  1992
  16 0.09959601 0.08081133 0.005805168 0.08238125 0.2825001    0.002013999  1610
  17 0.82951486 0.12757053 0.518364400 0.85583650 0.9916044    0.003437822  1377
  18 0.34098223 0.19676527 0.031846458 0.31937200 0.7705710    0.006428041   937
  19 0.58505130 0.09960982 0.388272300 0.58576100 0.7750420    0.001900176  2748
  20 0.82907795 0.08596942 0.639687975 0.83703000 0.9724458    0.001821321  2228
  21 0.56014076 0.21370449 0.145999275 0.56321600 0.9490224    0.007834787   744
  22 0.45076899 0.10267594 0.257578175 0.44814550 0.6581006    0.002187567  2203
  23 0.73524203 0.18215266 0.310950875 0.76406900 0.9899604    0.005973021   930
  24 0.55865883 0.15288106 0.275230925 0.55140550 0.8799861    0.004002451  1459
    Statistic
ID       Rhat    R_95%
  1  1.002481 1.006673
  2  1.002586 1.005793
  3  1.001806 1.004819
  4  1.002317 1.006678
  5  1.010568 1.029087
  6  1.006806 1.015284
  7  1.005592 1.016422
  8  1.000291 1.000760
  9  1.002997 1.004722
  10 1.002189 1.006430
  11 1.000580 1.001907
  12 1.003942 1.006108
  13 1.003816 1.009324
  14 1.001586 1.003719
  15 1.002116 1.006528
  16 1.063392 1.103150
  17 1.002844 1.004248
  18 1.006337 1.017577
  19 1.001449 1.003825
  20 1.011854 1.033789
  21 1.005681 1.016002
  22 1.001202 1.003785
  23 1.007207 1.021022
  24 1.003388 1.010411


#################################
#### Model information
$model
[1] "traitMPT"

$thetaNames
   Parameter theta
1        b_A     1
2        b_B     2
3       pn_A     3
4       pn_B     4
5       po_A     5
6       po_B     6
7       q1_A     7
8       q1_B     8
9       q2_A     9
10      q2_B    10
11      q5_A     9
12      q5_B    10
13      q6_A     7
14      q6_B     8
15        r1    11
16        r2    12
17        r5    13
18        r6    14

$thetaUnique
 [1] "b_A"  "b_B"  "pn_A" "pn_B" "po_A" "po_B" "q1_A" "q1_B" "q2_A" "q2_B" "r1"  
[12] "r2"   "r5"   "r6"  

$thetaFixed
NULL

$MPT
      Tree Category
1  T_A_New  A_New_1
2  T_A_New  A_New_2
3  T_A_New  A_New_3
4  T_A_New  A_New_4
5  T_A_New  A_New_5
6  T_A_New  A_New_6
7  T_A_Old  A_Old_1
8  T_A_Old  A_Old_2
9  T_A_Old  A_Old_3
10 T_A_Old  A_Old_4
11 T_A_Old  A_Old_5
12 T_A_Old  A_Old_6
13 T_B_New  B_New_1
14 T_B_New  B_New_2
15 T_B_New  B_New_3
16 T_B_New  B_New_4
17 T_B_New  B_New_5
18 T_B_New  B_New_6
19 T_B_Old  B_Old_1
20 T_B_Old  B_Old_2
21 T_B_Old  B_Old_3
22 T_B_Old  B_Old_4
23 T_B_Old  B_Old_5
24 T_B_Old  B_Old_6
                                                                                                  Equation
1                                          theta[3,n]*theta[11,n]+(1-theta[3,n])*(1-theta[1,n])*theta[7,n]
2           theta[3,n]*(1-theta[11,n])*theta[12,n]+(1-theta[3,n])*(1-theta[1,n])*(1-theta[7,n])*theta[9,n]
3   theta[3,n]*(1-theta[11,n])*(1-theta[12,n])+(1-theta[3,n])*(1-theta[1,n])*(1-theta[7,n])*(1-theta[9,n])
4                                                  (1-theta[3,n])*theta[1,n]*(1-theta[7,n])*(1-theta[9,n])
5                                                      (1-theta[3,n])*theta[1,n]*(1-theta[7,n])*theta[9,n]
6                                                                     (1-theta[3,n])*theta[1,n]*theta[7,n]
7                                                                 (1-theta[5,n])*(1-theta[1,n])*theta[7,n]
8                                                  (1-theta[5,n])*(1-theta[1,n])*(1-theta[7,n])*theta[9,n]
9                                              (1-theta[5,n])*(1-theta[1,n])*(1-theta[7,n])*(1-theta[9,n])
10      theta[5,n]*(1-theta[14,n])*(1-theta[13,n])+(1-theta[5,n])*theta[1,n]*(1-theta[7,n])*(1-theta[9,n])
11              theta[5,n]*(1-theta[14,n])*theta[13,n]+(1-theta[5,n])*theta[1,n]*(1-theta[7,n])*theta[9,n]
12                                             theta[5,n]*theta[14,n]+(1-theta[5,n])*theta[1,n]*theta[7,n]
13                                         theta[4,n]*theta[11,n]+(1-theta[4,n])*(1-theta[2,n])*theta[8,n]
14         theta[4,n]*(1-theta[11,n])*theta[12,n]+(1-theta[4,n])*(1-theta[2,n])*(1-theta[8,n])*theta[10,n]
15 theta[4,n]*(1-theta[11,n])*(1-theta[12,n])+(1-theta[4,n])*(1-theta[2,n])*(1-theta[8,n])*(1-theta[10,n])
16                                                (1-theta[4,n])*theta[2,n]*(1-theta[8,n])*(1-theta[10,n])
17                                                    (1-theta[4,n])*theta[2,n]*(1-theta[8,n])*theta[10,n]
18                                                                    (1-theta[4,n])*theta[2,n]*theta[8,n]
19                                                                (1-theta[6,n])*(1-theta[2,n])*theta[8,n]
20                                                (1-theta[6,n])*(1-theta[2,n])*(1-theta[8,n])*theta[10,n]
21                                            (1-theta[6,n])*(1-theta[2,n])*(1-theta[8,n])*(1-theta[10,n])
22     theta[6,n]*(1-theta[14,n])*(1-theta[13,n])+(1-theta[6,n])*theta[2,n]*(1-theta[8,n])*(1-theta[10,n])
23             theta[6,n]*(1-theta[14,n])*theta[13,n]+(1-theta[6,n])*theta[2,n]*(1-theta[8,n])*theta[10,n]
24                                             theta[6,n]*theta[14,n]+(1-theta[6,n])*theta[2,n]*theta[8,n]
                                                     Eqn
1                          pn_A*r1+(1-pn_A)*(1-b_A)*q1_A
2          pn_A*(1-r1)*r2+(1-pn_A)*(1-b_A)*(1-q1_A)*q2_A
3  pn_A*(1-r1)*(1-r2)+(1-pn_A)*(1-b_A)*(1-q1_A)*(1-q2_A)
4                         (1-pn_A)*b_A*(1-q6_A)*(1-q5_A)
5                             (1-pn_A)*b_A*(1-q6_A)*q5_A
6                                      (1-pn_A)*b_A*q6_A
7                                  (1-po_A)*(1-b_A)*q1_A
8                         (1-po_A)*(1-b_A)*(1-q1_A)*q2_A
9                     (1-po_A)*(1-b_A)*(1-q1_A)*(1-q2_A)
10     po_A*(1-r6)*(1-r5)+(1-po_A)*b_A*(1-q6_A)*(1-q5_A)
11             po_A*(1-r6)*r5+(1-po_A)*b_A*(1-q6_A)*q5_A
12                             po_A*r6+(1-po_A)*b_A*q6_A
13                         pn_B*r1+(1-pn_B)*(1-b_B)*q1_B
14         pn_B*(1-r1)*r2+(1-pn_B)*(1-b_B)*(1-q1_B)*q2_B
15 pn_B*(1-r1)*(1-r2)+(1-pn_B)*(1-b_B)*(1-q1_B)*(1-q2_B)
16                        (1-pn_B)*b_B*(1-q6_B)*(1-q5_B)
17                            (1-pn_B)*b_B*(1-q6_B)*q5_B
18                                     (1-pn_B)*b_B*q6_B
19                                 (1-po_B)*(1-b_B)*q1_B
20                        (1-po_B)*(1-b_B)*(1-q1_B)*q2_B
21                    (1-po_B)*(1-b_B)*(1-q1_B)*(1-q2_B)
22     po_B*(1-r6)*(1-r5)+(1-po_B)*b_B*(1-q6_B)*(1-q5_B)
23             po_B*(1-r6)*r5+(1-po_B)*b_B*(1-q6_B)*q5_B
24                             po_B*r6+(1-po_B)*b_B*q6_B

$eqnfile
[1] "2htmratings2.eqn"

$data
   A_New_1 A_New_2 A_New_3 A_New_4 A_New_5 A_New_6 A_Old_1 A_Old_2 A_Old_3 A_Old_4
1        7       7       4       1       1       0       3       4       5       3
2        8       8       4       0       0       0       2       3       6       5
3        7       9       1       2       1       0       3       3       6       3
4        7       6       3       1       2       1       3       3       8       4
5        6       5       4       1       2       2       0       1       6       7
6        4       6       6       2       1       1       1       5       8       3
7        5       7       4       2       0       2       2       1       4       7
8        5       5       6       2       1       1       3       3       4       4
9        6       7       6       1       0       0       2       4       6       4
10       8       4       3       2       2       1       3       4       4       4
11       9       3       3       2       2       1       2       2       6       3
12       5       7       5       2       0       1       1       3       7       6
13       8       5       5       2       0       0       3       4       5       3
14       5       7       4       2       2       0       2       3       5       4
15       7       6       4       2       1       0       1       4       5       5
16       4       7       5       1       2       1       1       5       7       4
17       8       4       4       1       1       2       3       2       5       2
18       3       6       7       2       1       1       1       4       6       3
19       5       6       5       1       1       2       2       2       7       2
20       8       7       3       2       0       0       3       2       4       7
21       6       6       6       1       1       0       2       3       4       4
22       3       5       9       3       0       0       1       2       5       6
23       9       6       2       1       1       1       2       2       6       1
24       7       5       4       2       1       1       2       3       5       5
   A_Old_5 A_Old_6 B_New_1 B_New_2 B_New_3 B_New_4 B_New_5 B_New_6 B_Old_1 B_Old_2
1        4       1       5       8       7       0       0       0       0       2
2        2       2       5       7       5       2       1       0       1       2
3        3       2      11       5       2       1       0       1       0       0
4        1       1       8       4       6       2       0       0       1       6
5        3       3       4       8       7       0       1       0       0       0
6        2       1       2       9       7       2       0       0       0       0
7        4       2       5       8       7       0       0       0       2       0
8        6       0      10       6       2       2       0       0       0       0
9        1       3       6       8       6       0       0       0       0       0
10       2       3      10       6       3       0       1       0       3       0
11       4       3       9       5       4       1       0       1       0       0
12       2       1       2       9       6       2       1       0       0       0
13       3       2      11       6       3       0       0       0       3       3
14       3       3       7       7       4       1       1       0       0       3
15       2       3      13       4       3       0       0       0       0       1
16       3       0       5       5       9       1       0       0       0       0
17       1       7       9       5       2       2       1       1       3       5
18       4       2       3       8       7       2       0       0       2       4
19       4       3       4       7       5       3       0       1       0       0
20       2       2      11       6       1       1       0       1       1       0
21       5       2       8       6       2       2       1       1       3       5
22       3       3       5       7       4       3       1       0       0       0
23       4       5      13       6       1       0       0       0       5       5
24       3       2       7       8       3       1       1       0       0       3
   B_Old_3 B_Old_4 B_Old_5 B_Old_6
1        2       5       6       5
2        2       4       4       7
3        0       0       3      17
4        3       8       1       1
5        4       2       9       5
6        2       6       6       6
7        6       5       4       3
8        0       1       3      16
9        4       2       9       5
10       2       5       4       6
11       2       1       3      14
12       1       6       8       5
13       4       5       3       2
14       6       5       5       1
15       1       3       5      10
16       1       7      12       0
17       3       2       0       7
18       6       4       3       1
19       0       2       6      12
20       0       1       2      16
21       2       2       5       3
22       0       4       7       9
23       3       2       2       3
24       3       3       5       6

$restrictions
$restrictions[[1]]
[1] "q1_A=q6_A"

$restrictions[[2]]
[1] "q2_A=q5_A"

$restrictions[[3]]
[1] "q1_B=q6_B"

$restrictions[[4]]
[1] "q2_B=q5_B"


$covData
NULL

$corProbit
[1] TRUE

$predTable
NULL

$predFactorLevels
NULL

$predType
NULL

$transformedParameters
NULL

$hyperprior
$hyperprior$mu
         b_A          b_B         pn_A         pn_B         po_A         po_B 
"dnorm(0,1)" "dnorm(0,1)" "dnorm(0,1)" "dnorm(0,1)" "dnorm(0,1)" "dnorm(0,1)" 
        q1_A         q1_B         q2_A         q2_B           r1           r2 
"dnorm(0,1)" "dnorm(0,1)" "dnorm(0,1)" "dnorm(0,1)" "dnorm(0,1)" "dnorm(0,1)" 
          r5           r6 
"dnorm(0,1)" "dnorm(0,1)" 

$hyperprior$xi
[1] "dunif(0,10)"

$hyperprior$V
      [,1] [,2] [,3] [,4] [,5] [,6] [,7] [,8] [,9] [,10] [,11] [,12] [,13] [,14]
 [1,]    1    0    0    0    0    0    0    0    0     0     0     0     0     0
 [2,]    0    1    0    0    0    0    0    0    0     0     0     0     0     0
 [3,]    0    0    1    0    0    0    0    0    0     0     0     0     0     0
 [4,]    0    0    0    1    0    0    0    0    0     0     0     0     0     0
 [5,]    0    0    0    0    1    0    0    0    0     0     0     0     0     0
 [6,]    0    0    0    0    0    1    0    0    0     0     0     0     0     0
 [7,]    0    0    0    0    0    0    1    0    0     0     0     0     0     0
 [8,]    0    0    0    0    0    0    0    1    0     0     0     0     0     0
 [9,]    0    0    0    0    0    0    0    0    1     0     0     0     0     0
[10,]    0    0    0    0    0    0    0    0    0     1     0     0     0     0
[11,]    0    0    0    0    0    0    0    0    0     0     1     0     0     0
[12,]    0    0    0    0    0    0    0    0    0     0     0     1     0     0
[13,]    0    0    0    0    0    0    0    0    0     0     0     0     1     0
[14,]    0    0    0    0    0    0    0    0    0     0     0     0     0     1

$hyperprior$df
[1] 15

$hyperprior$IVprec
[1] "dgamma(.5,.5)"


